title='av. des Cigales'
end_of_python_code
		2	4	1	3	0
date    	élec.	gaz	eau	copies	
20140908	49513	145	40
20141123	49674	152	50
20150403	50393	194	69
20150912	51089	230	118
20151215	51264	235	122
20160130	51385	241	126
20160330	51551	249	131
20160415	51594	251	134
20160608	51823				Enedis
20160625	51888	310	151
20160713			157
20160919	52357	331	186
20161208	52433	332	187
20161212	52450				Enedis
20170222	52711	341	193
20170415	52758	343	195		contrat
20170607	53086				Enedis
20170609		382			Engie
20170620	53086	384	217		Marcel
20170819	449	399	241		Linky
20170917	654	408	254		sortie
20171101	695
20171203	858	418	260
20171212		420			facture Engie
20180330		423			mon estimation pour Engie
20180415	1221	426	266		arrivée Marcel
20180619	1554	452	279		relevé Marcel
20180826	1881	460	301		relevé Marcel
20180916	1980	463	306	3692	sortie de Marcel
20190130		464			mom estimation pour Engie
20190406	2010	467	308
20190428	2022	474	309
20190702	2237	492	320
20190903	2534	502	340		relevé Marcel
20190929	2618	505	344		sortie Marcel









