# av. Jules Cantini
title='résidence Cantini'
end_of_python_code
        	2	2	1	3	3	0
date    	HP	HC	eau	chaud	froid	
20130930			332	2885	04446	syndic
20140504	6637	8329	373
20140605				3779	04508
20140921	7293	9005	422	3794	06771
20141112	7453	9253
20141128	7528	9336	441.8	3982
20141229	7782	9456	454.0	4146	06809
20150128	7986	9564	461.3	4322	06809
20150304	8128	9661	467	4418
20150401	8465	9789	484	4528	06809
20150430	8680	9922	497	4538	06809
20150529	8840	10060	512	4539	06810
20150625	9003	10163	525	4540	06817
20150805	9251	10243	546	4543	06902
20150820	9285	10288	551	4545	06985
20150828	9341	10344	556	4546	07082
# 20150919	9391	10405				ÉdF en retard ?
20150923	9376	10397	559
20151005	9433	10460	562.5	4552	07091
20151031	9471	10515	565	4552	07091
20151115	9601	10648	571	4552	07091
20160105	9694	10759	573	4565	07091
20160229	9843	10921	582	4581	07091
20160318		10962	584
20160320	9903	11033
20160404	9972	11184	592
20160410	9995	11215	595
20160424	10365	11411	606
20160501	10377	11427
20160504	10383	11438	607
20160609	10438	11543	613	4590	07091
20160627	10509	11628	620	4592	07146
20160702	10527	11653	622	4593	07162
20160717	10640	11777	631	4593	07714
20160804	10751	11886	642	4594	08247
20160902	10861	11985	653	4598	08367
20160922	10911	12123	659	4601	08492
20161003	10955	12150
20161026	11068	12166	665	4604	08518
20161102	11099	12200	666	4604	08518
20161113	11116	12231	667	4607	08518
20170113	11302	12417	673	4632	08518
# ---------------------- FATIMAH -------------------------------------
20170228	11379	12560	677	4647	08518	entrée
20170425			703
20170930			805	4661	12011	syndic
20171227			838
20180221			857	4867	12011
20180706			908
20180926			916
20180930			921	4958	13749	syndic
20190412			946	5139	13749
20190909	17006	16471	975	5144	15525	sortie
# ---------------------------------------------------------------------
20190928	17032	16491
20191115	17046	16506	976
20200115	17056	16508	977

