title='rés. Valvert'
end_of_python_code
        	2	1	0
date    	élec.	eau	
20140212	6565
20140302	6770	1272
20140312	6920	1276
20140327	7135	1283
20140523	7510	1294
20140606	7693	1301
20140713	8055	1316
20140821	8398	1331
20140830	8485	1335
20140922	8666	1344
20141105	9069	1358
20141127	9278	1364
20141218	9516	1371
20150101	9577	1371
20150218	9996	1381
20150308	10156	1386
20150328	10431	1394
20150520	10805	1405
20150530	10851	1406
20150713	10953	1410
20150807	11069	1416
20150821	11239	1424
20150901	11266	1425
20150921	11379	1429
20151015	11410
20150930	11442	1433
20151202	11969	1452
20160119	12334	1464
20160226	12707	1476
20160407	13048	1486
20160515	13345	1496
20160701	13613	1505
20160930		1520
20161115	368	1537
20170202		1557
20170514	807	1587
20170716	912	1609
20170828	1657	1616
20170921	1742	1623
20171212		1650
20180309		1676	Nina
20180403		1682
20180430		1689	état des lieux
20180921	2675	1692	état des lleux
20181014		1700
20181217		1722
20190410		1763
20190521	5430	1776	état des lieux
20190722		1794
20190828	5929	1799
20190901	5958	1800	état des lieux
20190928		1808
20191205		1822
