title='rua das Vinhas pretas'
end_of_python_code
        	1	2	2	2	3	0
date    	água	vazio	ponta	cheia	Σ	
20180419	1953	10136	4787	12640
20180501		10173	4802	12689		empresa
20180603	1954	10192	4826	12749
20180717	1973	10396	4898	13030
20180728		10445	4911	13123	28480
20180827		10581	4942	13273	28797
20180830	1993
20180929	2004	10709	4976	13348	29134
20181031		10815	5008	13594		empresa
20181107	2017					empresa
20181128		11072	5123	13855	30052
20181205	2026
20181228	2033	11352	5261	14128	30742
20190108	2037
20190127		11671	5385	14371	31428
20190204	2043
20190226		11948	5490	14575	32013
20190305	2056
20190326	2063	12132	5572	14734	32440
20190508	2066
20190518	2068	12219	5614	14814	32647
20190626		12273	5641	14868	32783
20190706	2074
20190727	2080	12377	5707	14997	33082
20190824	2088	12467	5765	15110	33344
20191026	2091	12591	5826	15232	33651
20191122	2099	12736	5905	15400	34041
20191213	2099
20191226		12867	5969	15538	34375
20200108	2106
20200125		13140	6088	15781	35010
20200207	2113
20200227		13381	6200	16005	35587

