title='rue Jean Martin'
end_of_python_code
# 0 ignored
# 1 first subplot
# 2 second suplot
# etc.
        	2	2	1	0
date    	HP	HC	eau	
20140823	32995	9570	66
20140901	33018	9609	67
20141006	33107	9783	77.5
20141101	33196	9989	89
20141130	33301	10252	100.5
20150101	33459	10612	112
20150110	33522	10726		selon facture
20150131	33613	11012	125.7
20150301	33772	11432	139
20150330	33837	11679	146.5
20150430	33916	11946	157
20150529	34003	12177	168
20150823	34205	12441	185
20150901	34222	12465	187
20151010	34297	12613	191
20151030	34354	12732	194.5
20151204	34470	12949	200
20160103	34551	13096	203
20160121	34621	13201		selon facture
20160126	34661		207
20160129		13253
20160209	34731	13334	209
20160301	34801	13452	212
20160405	34921	13677	217
20160502	34983	13804	220
20160605	35067	13977	226
20161025	35451	14566	252
20161101	35465	14580	252
20161121			255
20170203			286	Noémie
20170502			325
20170702			352	Stefan
20170911			365	Noémie *** R ***
20171116			382	Stefan
20180103			406	Stefan
20180510			453	Noémie *** R ***
20180803			484	Stefan
20180908			495	Stefan
20181001	39347	21877	501	état des lieux de sortie
20181013	39374	21920	502
20181217	39375	21925	503
20190408	39381	21948	504
20190608			520
20190610	39636	22487
20190715	39637	22488		estimé
20190903	39643	22507		Enedis
20190928	46	80	526	état des lieux d'entrée
20200113			546	FX
